Webots Project File version R2020b
perspectives: 000000ff00000000fd000000030000000000000320000003d0fc0100000003fc00000000ffffffff0000000000fffffffc0200000001fb00000012005300630065006e0065005400720065006501000000000000039f0000000000000000fb0000001e00480074006d006c0052006f0062006f007400570069006e0064006f00770000000000000003200000000000000000fb0000001a0044006f00630075006d0065006e0074006100740069006f006e0000000000ffffffff0000006900ffffff00000001000001c600000377fc0200000001fb0000001400540065007800740045006400690074006f00720100000015000003770000008700ffffff000000030000069000000039fc0100000002fb0000000e0043006f006e0073006f006c00650100000000000007400000000000000000fb0000001a0043006f006e0073006f006c00650041006c006c0041006c006c0100000000000006900000006900ffffff000004c80000037700000004000000040000000100000008fc00000000
simulationViewPerspectives: 000000ff0000000100000002000000fa0000046e0100000002010000000101
sceneTreePerspectives: 000000ff0000000100000002000000c0000000fa0100000002010000000201
maximizedDockId: -1
centralWidgetVisible: 1
orthographicViewHeight: 1
textFiles: 1 "controllers/soccer_supervisor/soccer_supervisor.py" "controllers/soccer_player/soccer_player.py"
consoles: Console:All:All
renderingDevicePerspectives: robot(1):camera;1;0.564583;0;0
renderingDevicePerspectives: robot3:camera;0;6.51563;0.472325;0
